1 154 133 1
1 190 133 1
1 190 168 1
1 154 168 1
1 154 202 1
1 190 202 1
2 9 110 1
2 35 110 1
2 61 110 1
2 87 110 1
2 113 110 1
2 139 110 1
2 139 141 1
2 113 141 1
2 87 141 1
2 61 141 1
2 35 141 1
2 9 141 1
2 9 172 1
2 35 172 1
2 61 172 1
2 87 172 1
2 113 172 1
2 139 172 1
2 139 203 1
2 113 203 1
2 87 203 1
2 61 203 1
2 35 203 1
2 9 203 1
3 208 114 1
3 234 114 1
3 261 114 1
3 288 114 1
3 288 142 1
3 261 142 1
3 234 142 1
3 208 142 1
3 208 170 1
3 234 170 1
3 261 170 1
3 288 170 1
3 288 198 1
3 261 198 1
3 234 198 1
3 208 198 1
4 5 37 1
4 41 37 1
4 41 76 1
4 5 76 1
4 5 114 1
4 41 114 1
5 252 9 1
5 293 9 1
5 293 51 1
5 252 51 1
5 252 92 1
5 293 92 1
6 154 106 1
6 172 106 1
6 190 106 1
6 190 120 1
6 172 120 1
6 154 120 1
